b) t: (S = empty string, N = 0)

c) TRN = {
1
2
3
4
5
6
7
8
9
10
11
12
13
14
15
16
17
18
}

TRE = {
(1,2)
(2,3)
(2,18)
(3,4)
(3,5)
(4,9)
(5,6)
(5,7)
(6,9)
(7,8)
(7,9)
(8,9)
(9,10)
(9,11)
(9,12)
(9,13)
(9,14)
(10,17)
(11,17)
(12,15)
(12,16)
(13,14)
(14,17)
(15,16)
(16,17)
(17,2)
(2,18)
} U TRN

TRP = {
1. [12,15,16,17,2,3,5,7,8,9,13,14]
2. [13,14,17,2,3,5,7,8,9,12,15,16]
3. [8,9,12,15,16,17,2,3,5,7,8]
4. [7,8,9,12,15,16,17,2,3,5,7]
5. [7,8,9,12,15,16,17,2,3,5,6]
6. [9,12,15,16,17,2,3,5,7,8,9]
7. [12,15,16,17,2,3,5,6,9,13,14]
8. [11,17,2,3,5,7,8,9,12,15,16]
9. [10,17,2,3,5,7,8,9,12,15,16]
10. [6,9,12,15,16,17,2,3,5,7,8]
11. [3,5,7,8,9,12,15,16,17,2,3]
12. [2,3,5,7,8,9,12,15,16,17,2]
13. [1,2,3,5,7,8,9,12,15,16,17]
14. [3,5,7,8,9,12,15,16,17,2,18]
15. [5,7,8,9,12,15,16,17,2,3,5]
16. [5,7,8,9,12,15,16,17,2,3,4]
17. [4,9,12,15,16,17,2,3,5,7,8]
18. [12,15,16,17,2,3,5,7,8,9,10]
19. [13,14,17,2,3,5,7,9,12,15,16]
20. [13,14,17,2,3,5,7,8,9,12,16]
21. [15,16,17,2,3,5,7,8,9,12,15]
22. [17,2,3,5,7,8,9,12,15,16,17]
23. [16,17,2,3,5,7,8,9,12,15,16]
24. [12,15,16,17,2,3,5,7,8,9,12]
25. [12,15,16,17,2,3,5,7,8,9,11]
26. [12,15,16,17,2,3,5,7,8,9,14]
27. [13,14,17,2,3,5,6,9,12,15,16]
28. [12,16,17,2,3,5,7,8,9,13,14]
29. [12,15,16,17,2,3,5,7,9,13,14]
30. [6,9,13,14,17,2,3,5,7,8]
31. [7,8,9,12,16,17,2,3,5,6]
32. [7,8,9,13,14,17,2,3,5,7]
33. [7,8,9,13,14,17,2,3,5,6]
34. [7,8,9,12,16,17,2,3,5,7]
35. [6,9,12,16,17,2,3,5,7,8]
36. [5,7,9,12,15,16,17,2,3,4]
37. [5,7,8,9,13,14,17,2,3,5]
38. [5,7,8,9,13,14,17,2,3,4]
39. [5,7,9,12,15,16,17,2,3,5]
40. [6,9,12,15,16,17,2,3,5,6]
41. [7,9,12,15,16,17,2,3,5,6]
42. [9,13,14,17,2,3,5,7,8,9]
43. [9,12,16,17,2,3,5,7,8,9]
44. [9,12,15,16,17,2,3,5,7,9]
45. [10,17,2,3,5,6,9,12,15,16]
46. [10,17,2,3,5,7,8,9,13,14]
47. [10,17,2,3,5,7,8,9,12,16]
48. [7,9,12,15,16,17,2,3,5,7]
49. [8,9,12,16,17,2,3,5,7,8]
50. [9,12,15,16,17,2,3,5,6,9]
51. [8,9,13,14,17,2,3,5,7,8]
52. [5,7,8,9,12,16,17,2,3,5]
53. [2,3,5,7,9,12,15,16,17,2]
54. [2,3,5,7,8,9,13,14,17,2]
55. [2,3,5,7,8,9,12,16,17,2]
56. [3,5,6,9,12,15,16,17,2,3]
57. [3,5,7,8,9,12,16,17,2,3]
58. [3,5,6,9,12,15,16,17,2,18]
59. [1,2,3,5,7,8,9,12,16,17]
60. [1,2,3,5,6,9,12,15,16,17]
61. [1,2,3,5,7,8,9,13,14,17]
62. [2,3,5,6,9,12,15,16,17,2]
63. [1,2,3,5,7,9,12,15,16,17]
64. [3,5,7,8,9,12,16,17,2,18]
65. [5,6,9,12,15,16,17,2,3,5]
66. [5,6,9,12,15,16,17,2,3,4]
67. [4,9,13,14,17,2,3,5,7,8]
68. [5,7,8,9,12,16,17,2,3,4]
69. [4,9,12,16,17,2,3,5,7,8]
70. [3,5,7,9,12,15,16,17,2,3]
71. [3,5,7,8,9,13,14,17,2,18]
72. [3,5,7,8,9,13,14,17,2,3]
73. [3,5,7,9,12,15,16,17,2,18]
74. [4,9,12,15,16,17,2,3,5,6]
75. [10,17,2,3,5,7,9,12,15,16]
76. [15,16,17,2,3,5,6,9,12,15]
77. [14,17,2,3,5,7,8,9,13,14]
78. [13,14,17,2,3,5,7,8,9,13]
79. [13,14,17,2,3,5,7,9,12,16]
80. [17,2,3,5,6,9,12,15,16,17]
81. [16,17,2,3,5,7,9,12,15,16]
82. [17,2,3,5,7,8,9,12,16,17]
83. [17,2,3,5,7,9,12,15,16,17]
84. [17,2,3,5,7,8,9,13,14,17]
85. [15,16,17,2,3,5,7,9,12,15]
86. [16,17,2,3,5,6,9,12,15,16]
87. [16,17,2,3,5,7,8,9,12,16]
88. [13,14,17,2,3,5,7,8,9,11]
89. [12,15,16,17,2,3,5,6,9,12]
90. [12,15,16,17,2,3,5,6,9,11]
91. [12,15,16,17,2,3,5,6,9,14]
92. [12,15,16,17,2,3,5,7,9,11]
93. [12,15,16,17,2,3,5,7,9,10]
94. [12,15,16,17,2,3,5,6,9,10]
95. [11,17,2,3,5,7,8,9,12,16]
96. [11,17,2,3,5,6,9,12,15,16]
97. [11,17,2,3,5,7,8,9,13,14]
98. [12,15,16,17,2,3,4,9,13,14]
99. [11,17,2,3,5,7,9,12,15,16]
100. [12,15,16,17,2,3,5,7,9,12]
101. [13,14,17,2,3,4,9,12,15,16]
102. [12,16,17,2,3,5,7,9,13,14]
103. [12,16,17,2,3,5,7,8,9,14]
104. [13,14,17,2,3,5,7,8,9,10]
105. [13,14,17,2,3,5,6,9,12,16]
106. [12,16,17,2,3,5,6,9,13,14]
107. [12,15,16,17,2,3,5,7,9,14]
108. [12,16,17,2,3,5,7,8,9,10]
109. [12,16,17,2,3,5,7,8,9,12]
110. [12,16,17,2,3,5,7,8,9,11]
111. [5,7,9,13,14,17,2,3,4]
112. [5,7,9,13,14,17,2,3,5]
113. [6,9,10,17,2,3,5,7,8]
114. [5,7,9,12,16,17,2,3,5]
115. [5,7,9,12,16,17,2,3,4]
116. [6,9,11,17,2,3,5,7,8]
117. [6,9,13,14,17,2,3,5,6]
118. [6,9,12,16,17,2,3,5,6]
119. [5,7,8,9,14,17,2,3,5]
120. [5,7,8,9,10,17,2,3,4]
121. [5,7,8,9,10,17,2,3,5]
122. [5,7,8,9,11,17,2,3,4]
123. [5,6,9,13,14,17,2,3,5]
124. [5,6,9,12,16,17,2,3,4]
125. [5,6,9,12,16,17,2,3,5]
126. [5,6,9,13,14,17,2,3,4]
127. [5,7,8,9,11,17,2,3,5]
128. [5,7,8,9,14,17,2,3,4]
129. [6,9,14,17,2,3,5,7,8]
130. [8,9,10,17,2,3,5,7,8]
131. [8,9,11,17,2,3,5,7,8]
132. [7,9,13,14,17,2,3,5,7]
133. [7,9,12,16,17,2,3,5,6]
134. [7,9,12,16,17,2,3,5,7]
135. [7,9,13,14,17,2,3,5,6]
136. [8,9,14,17,2,3,5,7,8]
137. [9,10,17,2,3,5,7,8,9]
138. [7,8,9,11,17,2,3,5,7]
139. [7,8,9,11,17,2,3,5,6]
140. [7,8,9,10,17,2,3,5,6]
141. [7,8,9,10,17,2,3,5,7]
142. [7,8,9,14,17,2,3,5,6]
143. [7,8,9,14,17,2,3,5,7]
144. [2,3,5,7,8,9,11,17,2]
145. [2,3,5,7,8,9,10,17,2]
146. [2,3,5,6,9,12,16,17,2]
147. [2,3,5,6,9,13,14,17,2]
148. [2,3,5,7,9,13,14,17,2]
149. [3,4,9,12,15,16,17,2,3]
150. [3,4,9,12,15,16,17,2,18]
151. [2,3,5,7,9,12,16,17,2]
152. [2,3,5,7,8,9,14,17,2]
153. [2,3,4,9,12,15,16,17,2]
154. [1,2,3,5,6,9,13,14,17]
155. [1,2,3,5,7,8,9,10,17]
156. [1,2,3,5,7,8,9,11,17]
157. [1,2,3,5,6,9,12,16,17]
158. [1,2,3,4,9,12,15,16,17]
159. [1,2,3,5,7,9,12,16,17]
160. [1,2,3,5,7,9,13,14,17]
161. [1,2,3,5,7,8,9,14,17]
162. [4,9,10,17,2,3,5,7,8]
163. [4,9,11,17,2,3,5,7,8]
164. [4,9,12,15,16,17,2,3,4]
165. [3,5,7,9,13,14,17,2,18]
166. [3,5,7,9,12,16,17,2,3]
167. [3,5,7,9,12,16,17,2,18]
168. [3,5,7,9,13,14,17,2,3]
169. [4,9,14,17,2,3,5,7,8]
170. [4,9,13,14,17,2,3,5,6]
171. [4,9,12,16,17,2,3,5,6]
172. [3,5,6,9,13,14,17,2,18]
173. [3,5,7,8,9,10,17,2,3]
174. [3,5,7,8,9,10,17,2,18]
175. [3,5,6,9,13,14,17,2,3]
176. [3,5,6,9,12,16,17,2,3]
177. [3,5,6,9,12,16,17,2,18]
178. [3,5,7,8,9,11,17,2,3]
179. [3,5,7,8,9,14,17,2,3]
180. [3,5,7,8,9,14,17,2,18]
181. [3,5,7,8,9,11,17,2,18]
182. [9,11,17,2,3,5,7,8,9]
183. [14,17,2,3,5,7,9,13,14]
184. [15,16,17,2,3,4,9,12,15]
185. [14,17,2,3,5,7,8,9,14]
186. [13,14,17,2,3,5,7,9,10]
187. [13,14,17,2,3,5,7,9,11]
188. [13,14,17,2,3,5,6,9,13]
189. [13,14,17,2,3,5,7,9,13]
190. [14,17,2,3,5,6,9,13,14]
191. [17,2,3,5,6,9,13,14,17]
192. [17,2,3,5,7,8,9,10,17]
193. [17,2,3,5,7,8,9,11,17]
194. [17,2,3,5,6,9,12,16,17]
195. [17,2,3,4,9,12,15,16,17]
196. [17,2,3,5,7,9,12,16,17]
197. [17,2,3,5,7,9,13,14,17]
198. [17,2,3,5,7,8,9,14,17]
199. [16,17,2,3,5,7,9,12,16]
200. [16,17,2,3,4,9,12,15,16]
201. [16,17,2,3,5,6,9,12,16]
202. [13,14,17,2,3,5,6,9,11]
203. [10,17,2,3,5,7,8,9,14]
204. [10,17,2,3,5,7,9,12,16]
205. [10,17,2,3,5,7,8,9,10]
206. [10,17,2,3,5,7,8,9,11]
207. [10,17,2,3,5,7,9,13,14]
208. [11,17,2,3,5,6,9,13,14]
209. [11,17,2,3,5,7,8,9,10]
210. [11,17,2,3,5,7,8,9,11]
211. [11,17,2,3,5,6,9,12,16]
212. [11,17,2,3,4,9,12,15,16]
213. [10,17,2,3,5,6,9,13,14]
214. [9,12,16,17,2,3,5,6,9]
215. [9,12,16,17,2,3,5,7,9]
216. [9,12,15,16,17,2,3,4,9]
217. [9,13,14,17,2,3,5,6,9]
218. [10,17,2,3,4,9,12,15,16]
219. [10,17,2,3,5,6,9,12,16]
220. [9,14,17,2,3,5,7,8,9]
221. [9,13,14,17,2,3,5,7,9]
222. [12,16,17,2,3,5,6,9,14]
223. [12,16,17,2,3,5,7,9,10]
224. [12,16,17,2,3,5,6,9,10]
225. [12,16,17,2,3,5,6,9,11]
226. [12,16,17,2,3,5,6,9,12]
227. [12,16,17,2,3,5,7,9,11]
228. [13,14,17,2,3,4,9,12,16]
229. [13,14,17,2,3,5,6,9,10]
230. [12,16,17,2,3,5,7,9,14]
231. [12,16,17,2,3,5,7,9,12]
232. [12,16,17,2,3,4,9,13,14]
233. [11,17,2,3,5,7,9,12,16]
234. [11,17,2,3,5,7,9,13,14]
235. [12,15,16,17,2,3,4,9,10]
236. [11,17,2,3,5,7,8,9,14]
237. [12,15,16,17,2,3,4,9,11]
238. [12,15,16,17,2,3,4,9,14]
239. [12,15,16,17,2,3,4,9,12]
240. [5,6,9,14,17,2,3,5]
241. [5,6,9,14,17,2,3,4]
242. [5,7,9,10,17,2,3,4]
243. [5,7,9,10,17,2,3,5]
244. [4,9,12,16,17,2,3,4]
245. [4,9,10,17,2,3,5,6]
246. [4,9,11,17,2,3,5,6]
247. [4,9,13,14,17,2,3,4]
248. [5,6,9,10,17,2,3,5]
249. [5,6,9,11,17,2,3,4]
250. [5,6,9,11,17,2,3,5]
251. [5,6,9,10,17,2,3,4]
252. [4,9,14,17,2,3,5,6]
253. [5,7,9,11,17,2,3,4]
254. [6,9,14,17,2,3,5,6]
255. [7,9,10,17,2,3,5,6]
256. [7,9,10,17,2,3,5,7]
257. [7,9,11,17,2,3,5,6]
258. [5,7,9,14,17,2,3,4]
259. [5,7,9,14,17,2,3,5]
260. [5,7,9,11,17,2,3,5]
261. [6,9,10,17,2,3,5,6]
262. [6,9,11,17,2,3,5,6]
263. [3,5,7,9,14,17,2,18]
264. [2,3,4,9,13,14,17,2]
265. [2,3,4,9,12,16,17,2]
266. [2,3,5,6,9,10,17,2]
267. [2,3,5,6,9,11,17,2]
268. [1,2,3,5,7,9,14,17]
269. [2,3,5,6,9,14,17,2]
270. [1,2,3,5,6,9,11,17]
271. [1,2,3,5,6,9,10,17]
272. [1,2,3,4,9,12,16,17]
273. [1,2,3,4,9,13,14,17]
274. [1,2,3,5,6,9,14,17]
275. [1,2,3,5,7,9,10,17]
276. [1,2,3,5,7,9,11,17]
277. [3,5,6,9,14,17,2,3]
278. [3,5,6,9,14,17,2,18]
279. [3,5,7,9,14,17,2,3]
280. [3,5,7,9,11,17,2,18]
281. [3,5,7,9,10,17,2,3]
282. [3,5,7,9,10,17,2,18]
283. [3,5,7,9,11,17,2,3]
284. [2,3,5,7,9,14,17,2]
285. [3,4,9,12,16,17,2,3]
286. [2,3,5,7,9,10,17,2]
287. [2,3,5,7,9,11,17,2]
288. [3,4,9,12,16,17,2,18]
289. [3,5,6,9,11,17,2,3]
290. [3,5,6,9,11,17,2,18]
291. [3,5,6,9,10,17,2,18]
292. [3,4,9,13,14,17,2,3]
293. [3,4,9,13,14,17,2,18]
294. [3,5,6,9,10,17,2,3]
295. [7,9,11,17,2,3,5,7]
296. [14,17,2,3,5,6,9,14]
297. [14,17,2,3,5,7,9,14]
298. [13,14,17,2,3,4,9,10]
299. [13,14,17,2,3,4,9,11]
300. [12,16,17,2,3,4,9,12]
301. [12,16,17,2,3,4,9,14]
302. [14,17,2,3,4,9,13,14]
303. [13,14,17,2,3,4,9,13]
304. [17,2,3,5,6,9,14,17]
305. [17,2,3,5,6,9,10,17]
306. [17,2,3,5,6,9,11,17]
307. [17,2,3,5,7,9,14,17]
308. [17,2,3,5,7,9,11,17]
309. [17,2,3,5,7,9,10,17]
310. [17,2,3,4,9,13,14,17]
311. [16,17,2,3,4,9,12,16]
312. [17,2,3,4,9,12,16,17]
313. [12,16,17,2,3,4,9,11]
314. [9,10,17,2,3,5,7,9]
315. [9,11,17,2,3,5,6,9]
316. [9,10,17,2,3,5,6,9]
317. [9,11,17,2,3,5,7,9]
318. [9,13,14,17,2,3,4,9]
319. [9,12,16,17,2,3,4,9]
320. [7,9,14,17,2,3,5,6]
321. [7,9,14,17,2,3,5,7]
322. [9,14,17,2,3,5,6,9]
323. [11,17,2,3,5,6,9,14]
324. [11,17,2,3,5,6,9,11]
325. [11,17,2,3,4,9,12,16]
326. [11,17,2,3,4,9,13,14]
327. [11,17,2,3,5,6,9,10]
328. [11,17,2,3,5,7,9,10]
329. [12,16,17,2,3,4,9,10]
330. [11,17,2,3,5,7,9,14]
331. [11,17,2,3,5,7,9,11]
332. [10,17,2,3,5,6,9,10]
333. [10,17,2,3,4,9,13,14]
334. [10,17,2,3,5,6,9,11]
335. [10,17,2,3,4,9,12,16]
336. [9,14,17,2,3,5,7,9]
337. [10,17,2,3,5,7,9,14]
338. [10,17,2,3,5,7,9,11]
339. [10,17,2,3,5,6,9,14]
340. [10,17,2,3,5,7,9,10]
341. [4,9,11,17,2,3,4]
342. [4,9,14,17,2,3,4]
343. [4,9,10,17,2,3,4]
344. [2,3,4,9,10,17,2]
345. [2,3,4,9,11,17,2]
346. [2,3,4,9,14,17,2]
347. [1,2,3,4,9,14,17]
348. [1,2,3,4,9,10,17]
349. [1,2,3,4,9,11,17]
350. [3,4,9,11,17,2,18]
351. [3,4,9,10,17,2,18]
352. [3,4,9,11,17,2,3]
353. [3,4,9,14,17,2,3]
354. [3,4,9,14,17,2,18]
355. [3,4,9,10,17,2,3]
356. [14,17,2,3,4,9,14]
357. [11,17,2,3,4,9,11]
358. [11,17,2,3,4,9,10]
359. [11,17,2,3,4,9,14]
360. [17,2,3,4,9,14,17]
361. [17,2,3,4,9,11,17]
362. [17,2,3,4,9,10,17]
363. [9,14,17,2,3,4,9]
364. [10,17,2,3,4,9,14]
365. [10,17,2,3,4,9,11]
366. [10,17,2,3,4,9,10]
367. [9,10,17,2,3,4,9]
368. [9,11,17,2,3,4,9]
369. [1,2,18]

}
