1,2,9
1,2,3,4,8,2,9
1,2,3,4,5,7,4,8,2,9
1,2,3,4,5,6,8,2,9
1,2,3,8,2,3,4,8,2,9
1,2,3,8,2,3,8,2,9
1,2,3,4,5,7,4,5,7,4,8,2,9
1,2,3,4,5,7,4,5,6,8,2,9
1,2,3,4,5,6,8,2,3,8,2,9
1,2,3,8,2,3,4,5,6,8,2,9
1,2,3,8,2,3,4,5,7,4,8,2,9

Cubro cobertura de arcos?

TRE = {
[1,2] ~
[2,3] ~
[2,9] ~
[3,4] ~
[3,8] ~
[4,5] ~
[4,8] ~
[5,6] ~
[5,7] ~
[6,8] ~
[7,4] ~
[8,2] ~
} U TRN

Se satisface cobertura de arcos

Cubro cobertura de caminos primos?

TRP = {
1. [3,4,5,6,8,2,9] ~
2. [4,5,6,8,2,3,4] !
3. [3,4,5,6,8,2,3] ~
4. [1,2,3,4,5,6,8] ~
5. [2,3,4,5,6,8,2] ~
6. [5,6,8,2,3,4,5] !
7. [7,4,5,6,8,2,9] ~
8. [8,2,3,4,5,6,8] ~
9. [7,4,5,6,8,2,3] !
10. [6,8,2,3,4,5,6] !
11. [6,8,2,3,4,5,7] !
12. [1,2,3,4,5,7] ~
13. [5,7,4,8,2,3] !
14. [5,7,4,8,2,9] ~
15. [3,4,8,2,3] !
16. [3,4,8,2,9] ~
17. [2,3,4,8,2] ~
18. [1,2,3,4,8] ~
19. [4,8,2,3,4] !
20. [8,2,3,4,8] ~
21. [3,8,2,3] ~
22. [3,8,2,9] ~
23. [4,5,7,4] ~
24. [1,2,3,8] ~
25. [2,3,8,2] ~
26. [7,4,5,7] ~
27. [8,2,3,8] ~
28. [5,7,4,5] ~
29. [1,2,9] ~
} U TRE

No cubro cobertura de caminos primos
Se cubre el (21/29) * 100% ≈ 72.41% de los caminos
